tests/data/estry_tuflow/model/grid/dem_m01_Tiny.asc
ncols        119
nrows        83
xllcorner    293236.250000000000
yllcorner    6177986.250000000000
cellsize     0.500000000000
NODATA_value  -9999
[rows 36 to 53 of 83, columns 0 to 40 of 119]
42.26200103759765625 42.259700775146484375 42.2566986083984375 42.254398345947265625 42.2519989013671875 42.2490997314453125 42.246700286865234375 42.243801116943359375 42.229000091552734375 42.2118988037109375 42.19480133056640625 42.177700042724609375 42.15940093994140625 42.13700103759765625 42.11460113525390625 42.092800140380859375 42.070400238037109375 42.0485992431640625 42.02610015869140625 42.00370025634765625 41.981899261474609375 41.959499359130859375 41.9376983642578125 41.9152984619140625 41.8928985595703125 41.870998382568359375 41.848598480224609375 41.826801300048828125 41.804401397705078125 41.782001495361328125 41.76020050048828125 41.576198577880859375 41.296001434326171875 41.015899658203125 40.73580169677734375 40.45619964599609375 40.177898406982421875 39.898899078369140625 39.6204986572265625 39.34220123291015625 39.063800811767578125
42.26850128173828125 42.266201019287109375 42.2631988525390625 42.260898590087890625 42.257900238037109375 42.2555999755859375 42.253200531005859375 42.250301361083984375 42.2407989501953125 42.22370147705078125 42.206600189208984375 42.1847991943359375 42.162998199462890625 42.140598297119140625 42.118099212646484375 42.0962982177734375 42.0738983154296875 42.05210113525390625 42.02970123291015625 42.00730133056640625 41.985500335693359375 41.963001251220703125 41.94120025634765625 41.91880035400390625 41.89640045166015625 41.874599456787109375 41.852199554443359375 41.83029937744140625 41.80789947509765625 41.786098480224609375 41.763698577880859375 41.57379913330078125 41.29309844970703125 41.01290130615234375 40.734600067138671875 40.45619964599609375 40.177898406982421875 39.898899078369140625 39.6204986572265625 39.34220123291015625 39.063800811767578125
42.27500152587890625 42.272098541259765625 42.2696990966796875 42.2667999267578125 42.264400482177734375 42.26200103759765625 42.25910186767578125 42.2566986083984375 42.25260162353515625 42.232601165771484375 42.21070098876953125 42.18830108642578125 42.166500091552734375 42.144100189208984375 42.121700286865234375 42.0998992919921875 42.0774993896484375 42.055599212646484375 42.033199310302734375 42.0113983154296875 41.9889984130859375 41.9665985107421875 41.94480133056640625 41.922298431396484375 41.900501251220703125 41.878101348876953125 41.855701446533203125 41.83390045166015625 41.81150054931640625 41.789699554443359375 41.767200469970703125 41.57089996337890625 41.291301727294921875 41.01290130615234375 40.734600067138671875 40.45619964599609375 40.17729949951171875 39.898899078369140625 39.6204986572265625 39.34220123291015625 39.063800811767578125
42.2808990478515625 42.278598785400390625 42.2761993408203125 42.2733001708984375 42.270900726318359375 42.26850128173828125 42.266201019287109375 42.26380157470703125 42.260898590087890625 42.243801116943359375 42.221401214599609375 42.1988983154296875 42.1764984130859375 42.1540985107421875 42.1316986083984375 42.1092987060546875 42.0868988037109375 42.0644989013671875 42.0420989990234375 42.0196990966796875 41.99720001220703125 41.97480010986328125 41.95240020751953125 41.93000030517578125 41.90760040283203125 41.88520050048828125 41.86280059814453125 41.84040069580078125 41.817401885986328125 41.794399261474609375 41.77140045166015625 41.569698333740234375 41.291301727294921875 41.01290130615234375 40.734600067138671875 40.455600738525390625 40.17729949951171875 39.898899078369140625 39.6204986572265625 39.34220123291015625 39.063800811767578125
42.288600921630859375 42.2855987548828125 42.283298492431640625 42.2808990478515625 42.278598785400390625 42.275600433349609375 42.2733001708984375 42.270900726318359375 42.267398834228515625 42.25730133056640625 42.23490142822265625 42.21250152587890625 42.19010162353515625 42.16770172119140625 42.1446990966796875 42.121700286865234375 42.09870147705078125 42.0756988525390625 42.05210113525390625 42.0290985107421875 42.006099700927734375 41.98310089111328125 41.9600982666015625 41.93650054931640625 41.913501739501953125 41.890499114990234375 41.86750030517578125 41.843898773193359375 41.82089996337890625 41.797901153564453125 41.774898529052734375 41.56729888916015625 41.29010009765625 41.01290130615234375 40.73400115966796875 40.455600738525390625 40.17729949951171875 39.898899078369140625 39.6204986572265625 39.34220123291015625 39.063201904296875
42.2957000732421875 42.293300628662109375 42.29090118408203125 42.287998199462890625 42.2855987548828125 42.283298492431640625 42.2808990478515625 42.2779998779296875 42.2743988037109375 42.26850128173828125 42.244899749755859375 42.221401214599609375 42.1977996826171875 42.174198150634765625 42.1511993408203125 42.12760162353515625 42.104000091552734375 42.0803985595703125 42.057399749755859375 42.0337982177734375 42.01020050048828125 41.986598968505859375 41.96360015869140625 41.939998626708984375 41.91699981689453125 41.894001007080078125 41.870998382568359375 41.847400665283203125 41.82440185546875 41.80139923095703125 41.778400421142578125 41.56439971923828125 41.287200927734375 41.010601043701171875 40.7333984375 40.455600738525390625 40.17729949951171875 39.898899078369140625 39.6204986572265625 39.3415985107421875 39.063201904296875
42.302700042724609375 42.3003997802734375 42.298000335693359375 42.2957000732421875 42.293300628662109375 42.290401458740234375 42.287998199462890625 42.2845001220703125 42.280300140380859375 42.2761993408203125 42.255001068115234375 42.2313995361328125 42.20780181884765625 42.1847991943359375 42.16120147705078125 42.137599945068359375 42.1139984130859375 42.09040069580078125 42.067401885986328125 42.04380035400390625 42.020198822021484375 41.996700286865234375 41.97370147705078125 41.950099945068359375 41.9264984130859375 41.90290069580078125 41.879901885986328125 41.85630035400390625 41.832698822021484375 41.809101104736328125 41.784900665283203125 41.57089996337890625 41.285400390625 41.007598876953125 40.730499267578125 40.45330047607421875 40.1761016845703125 39.898899078369140625 39.6204986572265625 39.3415985107421875 39.063201904296875
42.310398101806640625 42.3079986572265625 42.3050994873046875 42.302700042724609375 42.3003997802734375 42.298000335693359375 42.295101165771484375 42.29090118408203125 42.286800384521484375 42.282100677490234375 42.2649993896484375 42.24140167236328125 42.217800140380859375 42.19480133056640625 42.171199798583984375 42.1475982666015625 42.12400054931640625 42.101001739501953125 42.0774993896484375 42.05390167236328125 42.030300140380859375 42.0066986083984375 41.983699798583984375 41.9600982666015625 41.93650054931640625 41.912899017333984375 41.88990020751953125 41.866298675537109375 41.842098236083984375 41.81800079345703125 41.79380035400390625 41.635700225830078125 41.31729888916015625 41.007598876953125 40.729900360107421875 40.452098846435546875 40.1743011474609375 39.8964996337890625 39.6194000244140625 39.3415985107421875 39.063201904296875
42.317501068115234375 42.31510162353515625 42.312801361083984375 42.310398101806640625 42.307498931884765625 42.3050994873046875 42.301601409912109375 42.29740142822265625 42.29270172119140625 42.287998199462890625 42.27500152587890625 42.251399993896484375 42.22840118408203125 42.204799652099609375 42.181301116943359375 42.1576995849609375 42.13410186767578125 42.1110992431640625 42.08750152587890625 42.063899993896484375 42.0402984619140625 42.017299652099609375 41.9936981201171875 41.97010040283203125 41.946498870849609375 41.922901153564453125 41.89929962158203125 41.8751983642578125 41.851001739501953125 41.826801300048828125 41.802600860595703125 41.70059967041015625 41.382099151611328125 41.064300537109375 40.745800018310546875 40.45149993896484375 40.1743011474609375 39.8964996337890625 39.618801116943359375 39.340999603271484375 39.063201904296875
42.325199127197265625 42.322200775146484375 42.31980133056640625 42.317501068115234375 42.31510162353515625 42.312198638916015625 42.3079986572265625 42.3032989501953125 42.2985992431640625 42.294498443603515625 42.284999847412109375 42.261501312255859375 42.238498687744140625 42.214900970458984375 42.1912994384765625 42.16770172119140625 42.1446990966796875 42.12110137939453125 42.097499847412109375 42.0738983154296875 42.05030059814453125 42.027301788330078125 42.00370025634765625 41.980098724365234375 41.956600189208984375 41.932399749755859375 41.908199310302734375 41.883998870849609375 41.859798431396484375 41.83570098876953125 41.81150054931640625 41.765499114990234375 41.44699859619140625 41.129100799560546875 40.810699462890625 40.492198944091796875 40.17369842529296875 39.895900726318359375 39.618198394775390625 39.340999603271484375 39.063201904296875
42.3321990966796875 42.329898834228515625 42.3274993896484375 42.3246002197265625 42.322200775146484375 42.318698883056640625 42.313899993896484375 42.309200286865234375 42.3050994873046875 42.3003997802734375 42.295101165771484375 42.2714996337890625 42.248500823974609375 42.2248992919921875 42.20130157470703125 42.177700042724609375 42.15470123291015625 42.131099700927734375 42.1074981689453125 42.08390045166015625 42.060901641845703125 42.0373992919921875 42.0131988525390625 41.98960113525390625 41.96540069580078125 41.94120025634765625 41.91699981689453125 41.8928985595703125 41.8686981201171875 41.844501495361328125 41.820301055908203125 41.796100616455078125 41.51190185546875 41.194000244140625 40.875499725341796875 40.557098388671875 40.2386016845703125 39.920101165771484375 39.618198394775390625 39.34040069580078125 39.06259918212890625
42.339298248291015625 42.3368988037109375 42.334598541259765625 42.3321990966796875 42.3292999267578125 42.3246002197265625 42.31980133056640625 42.315700531005859375 42.311000823974609375 42.306301116943359375 42.3022003173828125 42.282100677490234375 42.2584991455078125 42.23490142822265625 42.211299896240234375 42.1876983642578125 42.164699554443359375 42.141101837158203125 42.1175994873046875 42.09400177001953125 42.070400238037109375 42.046199798583984375 42.021999359130859375 41.997798919677734375 41.974201202392578125 41.950099945068359375 41.925899505615234375 41.901699066162109375 41.877498626708984375 41.853298187255859375 41.82920074462890625 41.80500030517578125 41.576801300048828125 41.25830078125 40.940399169921875 40.621898651123046875 40.303501129150390625 39.9850006103515625 39.666500091552734375 39.34870147705078125 39.06259918212890625
42.3470001220703125 42.344600677490234375 42.341701507568359375 42.339298248291015625 42.335201263427734375 42.33100128173828125 42.32630157470703125 42.32160186767578125 42.316898345947265625 42.312801361083984375 42.3079986572265625 42.2920989990234375 42.26850128173828125 42.244899749755859375 42.221401214599609375 42.198398590087890625 42.174800872802734375 42.1511993408203125 42.12760162353515625 42.10340118408203125 42.07920074462890625 42.05500030517578125 42.0308990478515625 42.0066986083984375 41.9824981689453125 41.95890045166015625 41.93470001220703125 41.9105987548828125 41.8863983154296875 41.862201690673828125 41.838001251220703125 41.813800811767578125 41.6416015625 41.323200225830078125 41.005298614501953125 40.686798095703125 40.3683013916015625 40.049900054931640625 39.7313995361328125 39.412899017333984375 39.108600616455078125
42.351100921630859375 42.3516998291015625 42.349300384521484375 42.345798492431640625 42.341701507568359375 42.3368988037109375 42.3321990966796875 42.3274993896484375 42.323398590087890625 42.318698883056640625 42.313899993896484375 42.3022003173828125 42.278598785400390625 42.255001068115234375 42.2313995361328125 42.208400726318359375 42.1847991943359375 42.1605987548828125 42.1363983154296875 42.112300872802734375 42.088100433349609375 42.063899993896484375 42.039699554443359375 42.015499114990234375 41.99140167236328125 41.96720123291015625 41.943599700927734375 41.919399261474609375 41.895198822021484375 41.870998382568359375 41.84690093994140625 41.82270050048828125 41.706501007080078125 41.38800048828125 41.070201873779296875 40.75170135498046875 40.433200836181640625 40.1147003173828125 39.796298980712890625 39.4777984619140625 39.225399017333984375
42.35520172119140625 42.355800628662109375 42.3563995361328125 42.352298736572265625 42.347599029541015625 42.342800140380859375 42.3386993408203125 42.3339996337890625 42.3292999267578125 42.3246002197265625 42.320400238037109375 42.312198638916015625 42.288600921630859375 42.2649993896484375 42.24140167236328125 42.217800140380859375 42.193599700927734375 42.169498443603515625 42.14530181884765625 42.12110137939453125 42.09690093994140625 42.07270050048828125 42.0485992431640625 42.0243988037109375 42.0001983642578125 41.976001739501953125 41.951801300048828125 41.92819976806640625 41.9040985107421875 41.879901885986328125 41.855701446533203125 41.831501007080078125 41.77140045166015625 41.452899932861328125 41.134998321533203125 40.816600799560546875 40.49810028076171875 40.179599761962890625 39.86119842529296875 39.5904998779296875 39.34220123291015625
42.35990142822265625 42.360500335693359375 42.3610992431640625 42.356998443603515625 42.352298736572265625 42.348201751708984375 42.34400177001953125 42.339900970458984375 42.335201263427734375 42.33100128173828125 42.32630157470703125 42.32160186767578125 42.2985992431640625 42.2743988037109375 42.250301361083984375 42.226100921630859375 42.2024993896484375 42.1782989501953125 42.1540985107421875 42.129901885986328125 42.105800628662109375 42.081600189208984375 42.057399749755859375 42.033199310302734375 42.008998870849609375 41.98490142822265625 41.96070098876953125 41.937099456787109375 41.912899017333984375 41.888698577880859375 41.86460113525390625 41.84040069580078125 41.81620025634765625 41.51779937744140625 41.199298858642578125 40.88140106201171875 40.562999725341796875 40.24449920654296875 39.955501556396484375 39.70780181884765625 39.459499359130859375
42.3647003173828125 42.365299224853515625 42.365299224853515625 42.3610992431640625 42.356998443603515625 42.352901458740234375 42.348201751708984375 42.34400177001953125 42.339900970458984375 42.3358001708984375 42.33100128173828125 42.3274993896484375 42.307498931884765625 42.283298492431640625 42.25910186767578125 42.23490142822265625 42.21070098876953125 42.187099456787109375 42.162998199462890625 42.13880157470703125 42.11460113525390625 42.09040069580078125 42.06620025634765625 42.0420989990234375 42.0178985595703125 41.9936981201171875 41.969501495361328125 41.945301055908203125 41.9217987060546875 41.8975982666015625 41.873401641845703125 41.849201202392578125 41.825000762939453125 41.582599639892578125 41.26419830322265625 40.946300506591796875 40.62779998779296875 40.31999969482421875 40.07289886474609375 39.8246002197265625 39.57630157470703125
42.3694000244140625 42.3694000244140625 42.369998931884765625 42.3657989501953125 42.3610992431640625 42.356998443603515625 42.352901458740234375 42.34870147705078125 42.34400177001953125 42.339900970458984375 42.336399078369140625 42.33280181884765625 42.3162994384765625 42.2920989990234375 42.2678985595703125 42.243801116943359375 42.219600677490234375 42.195400238037109375 42.1717987060546875 42.1475982666015625 42.123500823974609375 42.099300384521484375 42.075099945068359375 42.050899505615234375 42.026699066162109375 42.00260162353515625 41.97840118408203125 41.95420074462890625 41.93000030517578125 41.906398773193359375 41.882198333740234375 41.85810089111328125 41.83390045166015625 41.64749908447265625 41.3291015625 41.011199951171875 40.692699432373046875 40.437900543212890625 40.189601898193359375 39.94139862060546875 39.693698883056640625
