tests/data/estry_tuflow/model/grid/dem_m01_Tiny.asc
ncols        119
nrows        83
xllcorner    293236.250000000000
yllcorner    6177986.250000000000
cellsize     0.500000000000
NODATA_value  -9999
[rows 18 to 35 of 83, columns 41 to 81 of 119]
39.010101318359375 39.010700225830078125 39.010700225830078125 39.01129913330078125 39.01129913330078125 39.01129913330078125 39.01190185546875 39.01190185546875 39.012500762939453125 39.148101806640625 39.541500091552734375 39.90129852294921875 40.2563018798828125 40.583599090576171875 40.87670135498046875 40.92449951171875 40.931598663330078125 40.937999725341796875 40.944499969482421875 40.95159912109375 40.958099365234375 40.965198516845703125 40.971698760986328125 40.978099822998046875 40.985198974609375 40.99169921875 40.998199462890625 41.005298614501953125 41.011798858642578125 41.018299102783203125 41.025299072265625 41.03179931640625 41.038898468017578125 41.045398712158203125 41.051898956298828125 41.05889892578125 41.065399169921875 41.0718994140625 41.078399658203125 41.144500732421875 41.205799102783203125
39.010700225830078125 39.01129913330078125 39.01129913330078125 39.01190185546875 39.01190185546875 39.012500762939453125 39.012500762939453125 39.012500762939453125 39.01309967041015625 39.193500518798828125 39.5485992431640625 39.891201019287109375 40.2144012451171875 40.50749969482421875 40.80059814453125 40.923900604248046875 40.930999755859375 40.9375 40.94390106201171875 40.951000213623046875 40.957500457763671875 40.964000701904296875 40.971099853515625 40.97760009765625 40.984600067138671875 40.991100311279296875 40.997600555419921875 41.00469970703125 41.011199951171875 41.0177001953125 41.024700164794921875 41.031200408935546875 41.038299560546875 41.0447998046875 41.051300048828125 41.05780029296875 41.063701629638671875 41.069000244140625 41.073699951171875 41.137401580810546875 41.202800750732421875
39.01190185546875 39.01190185546875 39.01190185546875 39.012500762939453125 39.012500762939453125 39.01309967041015625 39.01309967041015625 39.013698577880859375 39.013698577880859375 39.183498382568359375 39.5261993408203125 39.8451995849609375 40.138301849365234375 40.431400299072265625 40.725101470947265625 40.92330169677734375 40.930400848388671875 40.936901092529296875 40.943401336669921875 40.95040130615234375 40.95690155029296875 40.96340179443359375 40.970500946044921875 40.977001190185546875 40.98400115966796875 40.99050140380859375 40.99700164794921875 41.004100799560546875 41.010601043701171875 41.017101287841796875 41.024200439453125 41.03060150146484375 41.03710174560546875 41.042999267578125 41.04949951171875 41.054798126220703125 41.05950164794921875 41.064300537109375 41.069000244140625 41.12969970703125 41.19580078125
39.012500762939453125 39.012500762939453125 39.01309967041015625 39.01309967041015625 39.01309967041015625 39.013698577880859375 39.013698577880859375 39.014301300048828125 39.014301300048828125 39.161701202392578125 39.476001739501953125 39.769100189208984375 40.0623016357421875 40.355998992919921875 40.64910125732421875 40.922698974609375 40.929798126220703125 40.936298370361328125 40.942798614501953125 40.949798583984375 40.956298828125 40.962799072265625 40.969898223876953125 40.976398468017578125 40.982898712158203125 40.989898681640625 40.99639892578125 41.00350189208984375 41.009998321533203125 41.016498565673828125 41.022998809814453125 41.028900146484375 41.034801483154296875 41.040699005126953125 41.045398712158203125 41.050098419189453125 41.055400848388671875 41.060100555419921875 41.064800262451171875 41.122600555419921875 41.188701629638671875
39.01309967041015625 39.01309967041015625 39.013698577880859375 39.013698577880859375 39.014301300048828125 39.014301300048828125 39.014301300048828125 39.01490020751953125 39.01490020751953125 39.110401153564453125 39.40000152587890625 39.6930999755859375 39.98619842529296875 40.27989959716796875 40.573001861572265625 40.866100311279296875 40.928600311279296875 40.935699462890625 40.94219970703125 40.949298858642578125 40.955699920654296875 40.962200164794921875 40.96929931640625 40.975799560546875 40.9822998046875 40.989398956298828125 40.995800018310546875 41.002300262451171875 41.00820159912109375 41.01409912109375 41.020000457763671875 41.026500701904296875 41.031200408935546875 41.0364990234375 41.041301727294921875 41.046001434326171875 41.050701141357421875 41.055400848388671875 41.060100555419921875 41.1156005859375 41.181598663330078125
39.013698577880859375 39.013698577880859375 39.014301300048828125 39.014301300048828125 39.01490020751953125 39.01490020751953125 39.01490020751953125 39.015399932861328125 39.015399932861328125 39.093898773193359375 39.3574981689453125 39.6204986572265625 39.910701751708984375 40.203800201416015625 40.496898651123046875 40.790599822998046875 40.92800140380859375 40.935100555419921875 40.941600799560546875 40.948699951171875 40.95510101318359375 40.96160125732421875 40.968700408935546875 40.975200653076171875 40.981700897216796875 40.987598419189453125 40.993499755859375 40.999401092529296875 41.005901336669921875 41.011798858642578125 41.017101287841796875 41.02239990234375 41.027099609375 41.03179931640625 41.0364990234375 41.041301727294921875 41.046001434326171875 41.051300048828125 41.055999755859375 41.108501434326171875 41.17449951171875
39.014301300048828125 39.014301300048828125 39.01490020751953125 39.01490020751953125 39.015399932861328125 39.015399932861328125 39.01599884033203125 39.01599884033203125 39.0166015625 39.076801300048828125 39.34040069580078125 39.604000091552734375 39.8675994873046875 40.13069915771484375 40.421398162841796875 40.71450042724609375 40.927398681640625 40.93450164794921875 40.94100189208984375 40.947498321533203125 40.954601287841796875 40.96099853515625 40.966899871826171875 40.97280120849609375 40.97869873046875 40.985198974609375 40.991100311279296875 40.99700164794921875 41.002899169921875 41.00820159912109375 41.01290130615234375 41.0177001953125 41.02239990234375 41.027099609375 41.032398223876953125 41.03710174560546875 41.04180145263671875 41.046600341796875 41.051300048828125 41.101398468017578125 41.163898468017578125
39.01490020751953125 39.015399932861328125 39.015399932861328125 39.015399932861328125 39.01599884033203125 39.01599884033203125 39.0166015625 39.0166015625 39.017200469970703125 39.060298919677734375 39.3238983154296875 39.58750152587890625 39.850498199462890625 40.114200592041015625 40.37779998779296875 40.641399383544921875 40.926799774169921875 40.93389892578125 40.940399169921875 40.946300506591796875 40.95220184326171875 40.958099365234375 40.964599609375 40.970500946044921875 40.976398468017578125 40.9822998046875 40.988800048828125 40.994098663330078125 40.998798370361328125 41.00350189208984375 41.00820159912109375 41.01290130615234375 41.018299102783203125 41.022998809814453125 41.027698516845703125 41.032398223876953125 41.03710174560546875 41.04180145263671875 41.047199249267578125 41.09429931640625 41.145099639892578125
39.015399932861328125 39.01599884033203125 39.01599884033203125 39.0166015625 39.0166015625 39.0166015625 39.017200469970703125 39.017200469970703125 39.01779937744140625 39.043701171875 39.30680084228515625 39.570400238037109375 39.8339996337890625 40.097599029541015625 40.360698699951171875 40.624298095703125 40.844898223876953125 40.931598663330078125 40.9375 40.94390106201171875 40.949798583984375 40.955699920654296875 40.96160125732421875 40.96810150146484375 40.9739990234375 40.979900360107421875 40.984600067138671875 40.989398956298828125 40.994098663330078125 40.999401092529296875 41.004100799560546875 41.008800506591796875 41.013500213623046875 41.018299102783203125 41.022998809814453125 41.028301239013671875 41.033000946044921875 41.037700653076171875 41.042400360107421875 41.086700439453125 41.126201629638671875
39.01599884033203125 39.0166015625 39.0166015625 39.017200469970703125 39.017200469970703125 39.01779937744140625 39.01779937744140625 39.01779937744140625 39.018398284912109375 39.026599884033203125 39.2902984619140625 39.55390167236328125 39.816898345947265625 40.080501556396484375 40.3282012939453125 40.52519989013671875 40.722198486328125 40.919200897216796875 40.935100555419921875 40.94100189208984375 40.947498321533203125 40.953399658203125 40.959300994873046875 40.965198516845703125 40.970500946044921875 40.975200653076171875 40.980499267578125 40.985198974609375 40.989898681640625 40.994701385498046875 40.999401092529296875 41.004100799560546875 41.0093994140625 41.01409912109375 41.018798828125 41.023601531982421875 41.028301239013671875 41.033000946044921875 41.038299560546875 41.079601287841796875 41.106700897216796875
39.0166015625 39.017200469970703125 39.017200469970703125 39.01779937744140625 39.01779937744140625 39.018398284912109375 39.018398284912109375 39.019001007080078125 39.019001007080078125 39.019001007080078125 39.27320098876953125 39.536800384521484375 39.8003997802734375 40.007999420166015625 40.2050018310546875 40.40200042724609375 40.599498748779296875 40.79650115966796875 40.93270111083984375 40.9385986328125 40.944499969482421875 40.951000213623046875 40.956298828125 40.96099853515625 40.966400146484375 40.971099853515625 40.975799560546875 40.980499267578125 40.985198974609375 40.989898681640625 40.99530029296875 41 41.00469970703125 41.0093994140625 41.01409912109375 41.018798828125 41.024200439453125 41.028900146484375 41.033599853515625 41.06600189208984375 41.087799072265625
39.017200469970703125 39.01779937744140625 39.01779937744140625 39.018398284912109375 39.018398284912109375 39.019001007080078125 39.019001007080078125 39.01959991455078125 39.01959991455078125 39.020198822021484375 39.2566986083984375 39.49140167236328125 39.6884002685546875 39.8852996826171875 40.08229827880859375 40.279300689697265625 40.476299285888671875 40.673198699951171875 40.87020111083984375 40.936298370361328125 40.94219970703125 40.947498321533203125 40.95220184326171875 40.95690155029296875 40.96160125732421875 40.966400146484375 40.971099853515625 40.976398468017578125 40.981098175048828125 40.98580169677734375 40.99050140380859375 40.99530029296875 41 41.005298614501953125 41.009998321533203125 41.01470184326171875 41.01940155029296875 41.024200439453125 41.028900146484375 41.047199249267578125 41.068401336669921875
39.018398284912109375 39.018398284912109375 39.018398284912109375 39.019001007080078125 39.019001007080078125 39.01959991455078125 39.01959991455078125 39.020198822021484375 39.020198822021484375 39.02069854736328125 39.1811981201171875 39.37870025634765625 39.57630157470703125 39.773899078369140625 39.971401214599609375 40.16899871826171875 40.36660003662109375 40.5635986328125 40.76110076904296875 40.933300018310546875 40.9385986328125 40.943401336669921875 40.948101043701171875 40.953399658203125 40.958099365234375 40.962799072265625 40.967498779296875 40.97280120849609375 40.97760009765625 40.9822998046875 40.987598419189453125 40.992298126220703125 40.99700164794921875 41.00170135498046875 41.006999969482421875 41.011798858642578125 41.016498565673828125 41.021800994873046875 41.027099609375 41.033599853515625 41.053600311279296875
39.019001007080078125 39.019001007080078125 39.01959991455078125 39.01959991455078125 39.01959991455078125 39.020198822021484375 39.020198822021484375 39.02069854736328125 39.02069854736328125 39.02130126953125 39.139301300048828125 39.3368988037109375 39.53440093994140625 39.731998443603515625 39.929599761962890625 40.127101898193359375 40.32469940185546875 40.52230072021484375 40.702701568603515625 40.850200653076171875 40.936901092529296875 40.941600799560546875 40.946300506591796875 40.95159912109375 40.956298828125 40.96099853515625 40.965801239013671875 40.971099853515625 40.975799560546875 40.980499267578125 40.98580169677734375 40.99050140380859375 40.99530029296875 41 41.005298614501953125 41.010601043701171875 41.016498565673828125 41.021198272705078125 41.027099609375 41.033599853515625 41.041301727294921875
39.01959991455078125 39.01959991455078125 39.020198822021484375 39.020198822021484375 39.02069854736328125 39.02069854736328125 39.02069854736328125 39.02130126953125 39.02130126953125 39.021900177001953125 39.09799957275390625 39.2949981689453125 39.4925994873046875 39.69010162353515625 39.887699127197265625 40.085300445556640625 40.28279876708984375 40.463298797607421875 40.610698699951171875 40.75820159912109375 40.906200408935546875 40.939800262451171875 40.944499969482421875 40.949798583984375 40.954601287841796875 40.959300994873046875 40.964000701904296875 40.96929931640625 40.9739990234375 40.97869873046875 40.98400115966796875 40.988800048828125 40.994098663330078125 41 41.005298614501953125 41.011199951171875 41.015899658203125 41.020000457763671875 41.027099609375 41.034198760986328125 41.040699005126953125
39.020198822021484375 39.020198822021484375 39.02069854736328125 39.02069854736328125 39.02130126953125 39.02130126953125 39.021900177001953125 39.021900177001953125 39.021900177001953125 39.02249908447265625 39.05609893798828125 39.25370025634765625 39.4506988525390625 39.64820098876953125 39.845798492431640625 40.043399810791015625 40.22389984130859375 40.37129974365234375 40.51869964599609375 40.66680145263671875 40.81420135498046875 40.937999725341796875 40.942798614501953125 40.948101043701171875 40.952800750732421875 40.957500457763671875 40.962200164794921875 40.967498779296875 40.972301483154296875 40.97760009765625 40.983501434326171875 40.988800048828125 40.994098663330078125 41 41.005298614501953125 41.009998321533203125 41.01409912109375 41.020599365234375 41.027099609375 41.034198760986328125 41.040699005126953125
39.02069854736328125 39.02069854736328125 39.02130126953125 39.02130126953125 39.021900177001953125 39.021900177001953125 39.02249908447265625 39.02249908447265625 39.023101806640625 39.023101806640625 39.023101806640625 39.21179962158203125 39.40940093994140625 39.6063995361328125 39.80390167236328125 39.984401702880859375 40.131801605224609375 40.279300689697265625 40.42729949951171875 40.574798583984375 40.72280120849609375 40.87020111083984375 40.94100189208984375 40.946300506591796875 40.951000213623046875 40.955699920654296875 40.96099853515625 40.966899871826171875 40.972301483154296875 40.97760009765625 40.983501434326171875 40.988800048828125 40.994701385498046875 41 41.00469970703125 41.00820159912109375 41.013500213623046875 41.020599365234375 41.027698516845703125 41.034198760986328125 41.041301727294921875
39.02130126953125 39.02130126953125 39.021900177001953125 39.021900177001953125 39.02249908447265625 39.02249908447265625 39.023101806640625 39.023101806640625 39.023700714111328125 39.023700714111328125 39.02429962158203125 39.1699981689453125 39.36750030517578125 39.56510162353515625 39.744998931884765625 39.892398834228515625 40.039798736572265625 40.187900543212890625 40.335300445556640625 40.48329925537109375 40.63079833984375 40.77880096435546875 40.926300048828125 40.944499969482421875 40.949798583984375 40.955699920654296875 40.96099853515625 40.966899871826171875 40.972301483154296875 40.978099822998046875 40.983501434326171875 40.988800048828125 40.994701385498046875 40.998798370361328125 41.002899169921875 41.006999969482421875 41.01409912109375 41.020599365234375 41.027698516845703125 41.034198760986328125 41.041301727294921875
