tests/data/estry_tuflow/model/grid/dem_m01_Tiny.asc
ncols        119
nrows        83
xllcorner    293236.250000000000
yllcorner    6177986.250000000000
cellsize     0.500000000000
NODATA_value  -9999
[rows 18 to 35 of 83, columns 0 to 40 of 119]
42.158298492431640625 42.152400970458984375 42.1428985595703125 42.129901885986328125 42.117000579833984375 42.104000091552734375 42.089199066162109375 42.073299407958984375 42.057399749755859375 42.041500091552734375 42.025600433349609375 42.009601593017578125 41.9936981201171875 41.9777984619140625 41.9618988037109375 41.94589996337890625 41.93000030517578125 41.91410064697265625 41.89820098876953125 41.882198333740234375 41.866298675537109375 41.851001739501953125 41.8350982666015625 41.81909942626953125 41.80319976806640625 41.78730010986328125 41.77140045166015625 41.755401611328125 41.739498138427734375 41.723598480224609375 41.707698822021484375 41.691799163818359375 41.648700714111328125 41.301300048828125 40.953399658203125 40.60540008544921875 40.25749969482421875 39.9095001220703125 39.5615997314453125 39.17350006103515625 39.010101318359375
42.1652984619140625 42.15940093994140625 42.152400970458984375 42.1381988525390625 42.1222991943359375 42.1063995361328125 42.09040069580078125 42.07450103759765625 42.05860137939453125 42.04270172119140625 42.026699066162109375 42.010799407958984375 41.994899749755859375 41.979000091552734375 41.963001251220703125 41.947101593017578125 41.9311981201171875 41.9152984619140625 41.89929962158203125 41.88339996337890625 41.86750030517578125 41.85160064697265625 41.836200714111328125 41.820301055908203125 41.804401397705078125 41.788501739501953125 41.7725982666015625 41.757198333740234375 41.741298675537109375 41.725399017333984375 41.709400177001953125 41.692901611328125 41.593898773193359375 41.237598419189453125 40.88970184326171875 40.541698455810546875 40.1938018798828125 39.845798492431640625 39.497898101806640625 39.13629913330078125 39.010700225830078125
42.17240142822265625 42.166500091552734375 42.1605987548828125 42.1464996337890625 42.13050079345703125 42.11460113525390625 42.099300384521484375 42.083400726318359375 42.067401885986328125 42.0514984130859375 42.0355987548828125 42.020198822021484375 42.00370025634765625 41.987201690673828125 41.9712982177734375 41.954799652099609375 41.93830108642578125 41.922298431396484375 41.90579986572265625 41.889301300048828125 41.873401641845703125 41.856899261474609375 41.840999603271484375 41.82440185546875 41.80789947509765625 41.79199981689453125 41.775501251220703125 41.758998870849609375 41.743099212646484375 41.72650146484375 41.70999908447265625 41.69409942626953125 41.54019927978515625 41.231700897216796875 40.89849853515625 40.536998748779296875 40.17549896240234375 39.813999176025390625 39.452999114990234375 39.09149932861328125 39.01129913330078125
42.177700042724609375 42.1717987060546875 42.166500091552734375 42.155300140380859375 42.137599945068359375 42.1204986572265625 42.1027984619140625 42.086299896240234375 42.06980133056640625 42.05390167236328125 42.0373992919921875 42.020801544189453125 42.004901885986328125 41.988399505615234375 41.97190093994140625 41.95600128173828125 41.9394989013671875 41.92350006103515625 41.907001495361328125 41.890499114990234375 41.874599456787109375 41.85810089111328125 41.8415985107421875 41.82559967041015625 41.809101104736328125 41.792598724365234375 41.776699066162109375 41.76020050048828125 41.7436981201171875 41.72769927978515625 41.711200714111328125 41.695301055908203125 41.48419952392578125 41.175701141357421875 40.867298126220703125 40.55879974365234375 40.2032012939453125 39.8423004150390625 39.480800628662109375 39.11920166015625 39.01190185546875
42.182399749755859375 42.17710113525390625 42.173000335693359375 42.16590118408203125 42.14820098876953125 42.13050079345703125 42.11280059814453125 42.09510040283203125 42.077999114990234375 42.060398101806640625 42.04270172119140625 42.02500152587890625 42.00730133056640625 41.98960113525390625 41.9730987548828125 41.95709991455078125 41.940601348876953125 41.924098968505859375 41.908199310302734375 41.89170074462890625 41.8751983642578125 41.85919952392578125 41.842700958251953125 41.826198577880859375 41.810298919677734375 41.79380035400390625 41.777301788330078125 41.76129913330078125 41.744800567626953125 41.728900909423828125 41.712398529052734375 41.69589996337890625 41.4281005859375 41.119701385498046875 40.811199188232421875 40.50279998779296875 40.194400787353515625 39.869998931884765625 39.5084991455078125 39.146999359130859375 39.012500762939453125
42.187099456787109375 42.1829986572265625 42.179500579833984375 42.1753997802734375 42.1587982177734375 42.141101837158203125 42.123500823974609375 42.105800628662109375 42.088100433349609375 42.070400238037109375 42.052700042724609375 42.0355987548828125 42.0178985595703125 42.0001983642578125 41.9824981689453125 41.964801788330078125 41.947101593017578125 41.929401397705078125 41.911701202392578125 41.89459991455078125 41.87689971923828125 41.859798431396484375 41.843898773193359375 41.82740020751953125 41.810901641845703125 41.7949981689453125 41.778400421142578125 41.762500762939453125 41.745998382568359375 41.72949981689453125 41.71360015869140625 41.68109893798828125 41.372100830078125 41.063701629638671875 40.755199432373046875 40.44680023193359375 40.138301849365234375 39.829898834228515625 39.5214996337890625 39.174701690673828125 39.01309967041015625
42.193599700927734375 42.1894989013671875 42.186000823974609375 42.18180084228515625 42.1688995361328125 42.151798248291015625 42.13410186767578125 42.11640167236328125 42.09870147705078125 42.08100128173828125 42.06330108642578125 42.04560089111328125 42.02790069580078125 42.010799407958984375 41.993099212646484375 41.975399017333984375 41.957698822021484375 41.939998626708984375 41.922298431396484375 41.90470123291015625 41.88700103759765625 41.86930084228515625 41.852199554443359375 41.834499359130859375 41.816799163818359375 41.799098968505859375 41.781398773193359375 41.763698577880859375 41.74720001220703125 41.730701446533203125 41.714199066162109375 41.62509918212890625 41.316699981689453125 41.007598876953125 40.699199676513671875 40.39080047607421875 40.08229827880859375 39.7761993408203125 39.474300384521484375 39.17169952392578125 39.014301300048828125
42.200099945068359375 42.1959991455078125 42.191898345947265625 42.18830108642578125 42.179500579833984375 42.161800384521484375 42.144100189208984375 42.126399993896484375 42.1092987060546875 42.0915985107421875 42.0738983154296875 42.0561981201171875 42.038501739501953125 42.020801544189453125 42.003101348876953125 41.985500335693359375 41.96829986572265625 41.9506988525390625 41.9329986572265625 41.9152984619140625 41.8975982666015625 41.879901885986328125 41.862201690673828125 41.844501495361328125 41.826801300048828125 41.80970001220703125 41.79199981689453125 41.77429962158203125 41.75659942626953125 41.73889923095703125 41.720699310302734375 41.60739898681640625 41.3114013671875 41.0093994140625 40.70690155029296875 40.404300689697265625 40.1024017333984375 39.799800872802734375 39.4972991943359375 39.194698333740234375 39.01490020751953125
42.206600189208984375 42.2024993896484375 42.198398590087890625 42.19480133056640625 42.19010162353515625 42.17240142822265625 42.15470123291015625 42.13700103759765625 42.11930084228515625 42.10160064697265625 42.08390045166015625 42.066799163818359375 42.049098968505859375 42.03150177001953125 42.01380157470703125 41.99610137939453125 41.97840118408203125 41.96070098876953125 41.94300079345703125 41.925899505615234375 41.908199310302734375 41.890499114990234375 41.872798919677734375 41.855098724365234375 41.837398529052734375 41.819698333740234375 41.801998138427734375 41.784900665283203125 41.76779937744140625 41.746601104736328125 41.724201202392578125 41.60449981689453125 41.324298858642578125 41.032398223876953125 40.730499267578125 40.427898406982421875 40.125400543212890625 39.8227996826171875 39.520900726318359375 39.21829986572265625 39.015399932861328125
42.213100433349609375 42.2089996337890625 42.204799652099609375 42.2006988525390625 42.197200775146484375 42.1829986572265625 42.1652984619140625 42.1475982666015625 42.129901885986328125 42.112300872802734375 42.094600677490234375 42.076900482177734375 42.059200286865234375 42.0420989990234375 42.0243988037109375 42.0066986083984375 41.9889984130859375 41.9712982177734375 41.953601837158203125 41.935901641845703125 41.918201446533203125 41.900501251220703125 41.88339996337890625 41.86569976806640625 41.848598480224609375 41.831501007080078125 41.813800811767578125 41.794399261474609375 41.771999359130859375 41.75009918212890625 41.72769927978515625 41.60150146484375 41.321399688720703125 41.041301727294921875 40.75350189208984375 40.450901031494140625 40.148998260498046875 39.846401214599609375 39.5438995361328125 39.241901397705078125 39.01599884033203125
42.219600677490234375 42.2154998779296875 42.211299896240234375 42.2071990966796875 42.203701019287109375 42.19300079345703125 42.1753997802734375 42.1576995849609375 42.140598297119140625 42.122898101806640625 42.10520172119140625 42.08750152587890625 42.06980133056640625 42.05210113525390625 42.03440093994140625 42.01670074462890625 41.999599456787109375 41.981899261474609375 41.964199066162109375 41.946498870849609375 41.928798675537109375 41.911701202392578125 41.89459991455078125 41.877498626708984375 41.860401153564453125 41.842098236083984375 41.820301055908203125 41.797901153564453125 41.775501251220703125 41.75370025634765625 41.73130035400390625 41.598598480224609375 41.318401336669921875 41.038299560546875 40.75820159912109375 40.474498748779296875 40.172000885009765625 39.869998931884765625 39.567501068115234375 39.26490020751953125 39.0166015625
42.226100921630859375 42.22190093994140625 42.217800140380859375 42.2136993408203125 42.209598541259765625 42.203701019287109375 42.186000823974609375 42.168300628662109375 42.150600433349609375 42.132900238037109375 42.115200042724609375 42.0980987548828125 42.0803985595703125 42.0626983642578125 42.0449981689453125 42.027301788330078125 42.009601593017578125 41.99250030517578125 41.97480010986328125 41.957698822021484375 41.940601348876953125 41.92350006103515625 41.906398773193359375 41.889301300048828125 41.868099212646484375 41.845699310302734375 41.8238983154296875 41.80139923095703125 41.779598236083984375 41.757198333740234375 41.734798431396484375 41.59619903564453125 41.31610107421875 41.035400390625 40.755199432373046875 40.475101470947265625 40.19499969482421875 39.893001556396484375 39.590999603271484375 39.288501739501953125 39.017200469970703125
42.231998443603515625 42.22840118408203125 42.224300384521484375 42.2201995849609375 42.215999603271484375 42.2118988037109375 42.19660186767578125 42.17890167236328125 42.16120147705078125 42.14350128173828125 42.12580108642578125 42.10810089111328125 42.09040069580078125 42.073299407958984375 42.055599212646484375 42.038501739501953125 42.02140045166015625 42.00370025634765625 41.986598968505859375 41.969501495361328125 41.95240020751953125 41.935298919677734375 41.91590118408203125 41.894001007080078125 41.871601104736328125 41.849201202392578125 41.82740020751953125 41.80500030517578125 41.783199310302734375 41.760799407958984375 41.738300323486328125 41.59329986572265625 41.313098907470703125 41.033000946044921875 40.752899169921875 40.47209930419921875 40.1920013427734375 39.911899566650390625 39.6139984130859375 39.312099456787109375 39.01779937744140625
42.238498687744140625 42.23490142822265625 42.230800628662109375 42.2266998291015625 42.222499847412109375 42.2183990478515625 42.206600189208984375 42.188899993896484375 42.1717987060546875 42.1540985107421875 42.1363983154296875 42.1186981201171875 42.10160064697265625 42.084499359130859375 42.067401885986328125 42.05030059814453125 42.033199310302734375 42.015499114990234375 41.998401641845703125 41.98130035400390625 41.96360015869140625 41.941799163818359375 41.919399261474609375 41.8975982666015625 41.8751983642578125 41.8527984619140625 41.830898284912109375 41.808498382568359375 41.786701202392578125 41.764301300048828125 41.741901397705078125 41.590301513671875 41.310199737548828125 41.029998779296875 40.74990081787109375 40.469799041748046875 40.189601898193359375 39.908901214599609375 39.6287994384765625 39.3350982666015625 39.032501220703125
42.243801116943359375 42.240200042724609375 42.236698150634765625 42.2332000732421875 42.229000091552734375 42.2248992919921875 42.21720123291015625 42.19950103759765625 42.182399749755859375 42.1652984619140625 42.1475982666015625 42.13050079345703125 42.113399505615234375 42.0962982177734375 42.07920074462890625 42.062099456787109375 42.044399261474609375 42.027301788330078125 42.01020050048828125 41.98960113525390625 41.96720123291015625 41.945301055908203125 41.922901153564453125 41.90110015869140625 41.87870025634765625 41.856899261474609375 41.834499359130859375 41.812099456787109375 41.79019927978515625 41.76779937744140625 41.745998382568359375 41.587398529052734375 41.307201385498046875 41.027099609375 40.74700164794921875 40.466800689697265625 40.18669891357421875 39.9066009521484375 39.626399993896484375 39.345699310302734375 39.05609893798828125
42.248500823974609375 42.244899749755859375 42.2407989501953125 42.237300872802734375 42.233699798583984375 42.23020172119140625 42.2277984619140625 42.211299896240234375 42.1941986083984375 42.1764984130859375 42.15940093994140625 42.142299652099609375 42.1251983642578125 42.10810089111328125 42.090999603271484375 42.0738983154296875 42.0561981201171875 42.0373992919921875 42.015499114990234375 41.993099212646484375 41.9712982177734375 41.9488983154296875 41.9264984130859375 41.90470123291015625 41.882198333740234375 41.860401153564453125 41.838001251220703125 41.815601348876953125 41.79380035400390625 41.77140045166015625 41.749599456787109375 41.58499908447265625 41.304901123046875 41.024200439453125 40.743999481201171875 40.463901519775390625 40.1837005615234375 39.903598785400390625 39.623500823974609375 39.34329986572265625 39.063800811767578125
42.25260162353515625 42.2490997314453125 42.2454986572265625 42.242000579833984375 42.2389984130859375 42.236698150634765625 42.233699798583984375 42.2230987548828125 42.20600128173828125 42.18830108642578125 42.171199798583984375 42.1540985107421875 42.13700103759765625 42.119899749755859375 42.1027984619140625 42.0850982666015625 42.06330108642578125 42.04090118408203125 42.019100189208984375 41.996700286865234375 41.97480010986328125 41.95240020751953125 41.93000030517578125 41.908199310302734375 41.885799407958984375 41.8639984130859375 41.8415985107421875 41.81909942626953125 41.797298431396484375 41.774898529052734375 41.753101348876953125 41.58209991455078125 41.301898956298828125 41.021800994873046875 40.741100311279296875 40.46089935302734375 40.1808013916015625 39.900699615478515625 39.62110137939453125 39.34220123291015625 39.063800811767578125
42.25730133056640625 42.253200531005859375 42.25080108642578125 42.247898101806640625 42.2454986572265625 42.2425994873046875 42.240200042724609375 42.23490142822265625 42.21720123291015625 42.200099945068359375 42.1829986572265625 42.16590118408203125 42.148799896240234375 42.1316986083984375 42.1110992431640625 42.089199066162109375 42.066799163818359375 42.044399261474609375 42.0225982666015625 42.0001983642578125 41.97840118408203125 41.95600128173828125 41.934101104736328125 41.911701202392578125 41.889301300048828125 41.86750030517578125 41.84510040283203125 41.823299407958984375 41.800899505615234375 41.778400421142578125 41.75659942626953125 41.5791015625 41.298999786376953125 41.018798828125 40.73870086669921875 40.458599090576171875 40.177898406982421875 39.899501800537109375 39.6204986572265625 39.34220123291015625 39.063800811767578125
