tests/data/estry_tuflow/model/grid/dem_m01_Tiny.asc
ncols        119
nrows        83
xllcorner    293236.250000000000
yllcorner    6177986.250000000000
cellsize     0.500000000000
NODATA_value  -9999
[rows 0 to 17 of 83, columns 41 to 81 of 119]
38.99829864501953125 38.99829864501953125 38.9989013671875 38.9989013671875 38.9989013671875 38.999500274658203125 38.999500274658203125 39.00009918212890625 39.00009918212890625 39.05609893798828125 39.4600982666015625 39.864101409912109375 40.261600494384765625 40.657901763916015625 40.903301239013671875 40.913898468017578125 40.925098419189453125 40.935699462890625 40.9468994140625 40.957500457763671875 40.968700408935546875 40.97930145263671875 40.989898681640625 41.0010986328125 41.011798858642578125 41.022998809814453125 41.033599853515625 41.0447998046875 41.055400848388671875 41.06600189208984375 41.07720184326171875 41.087299346923828125 41.097301483154296875 41.106700897216796875 41.11669921875 41.126201629638671875 41.136199951171875 41.145599365234375 41.158599853515625 41.209300994873046875 41.260101318359375
38.9989013671875 38.9989013671875 38.999500274658203125 38.999500274658203125 38.999500274658203125 39.00009918212890625 39.00009918212890625 39.000701904296875 39.000701904296875 39.00189971923828125 39.405300140380859375 39.809299468994140625 40.211498260498046875 40.607799530029296875 40.903301239013671875 40.913898468017578125 40.92449951171875 40.935699462890625 40.946300506591796875 40.957500457763671875 40.96810150146484375 40.97930145263671875 40.989898681640625 41.000598907470703125 41.011798858642578125 41.02239990234375 41.033599853515625 41.044200897216796875 41.05419921875 41.063701629638671875 41.073699951171875 41.083099365234375 41.092601776123046875 41.10260009765625 41.11199951171875 41.12200164794921875 41.131500244140625 41.141498565673828125 41.154499053955078125 41.2052001953125 41.255901336669921875
38.999500274658203125 38.999500274658203125 39.00009918212890625 39.00009918212890625 39.000701904296875 39.000701904296875 39.000701904296875 39.001300811767578125 39.001300811767578125 39.00189971923828125 39.351001739501953125 39.754398345947265625 40.1584014892578125 40.558200836181640625 40.902698516845703125 40.913299560546875 40.92449951171875 40.935100555419921875 40.946300506591796875 40.95690155029296875 40.96810150146484375 40.97869873046875 40.989898681640625 41.000598907470703125 41.011199951171875 41.020599365234375 41.03060150146484375 41.04010009765625 41.04949951171875 41.05950164794921875 41.069000244140625 41.078998565673828125 41.08840179443359375 41.098499298095703125 41.107898712158203125 41.117900848388671875 41.127399444580078125 41.137401580810546875 41.15039825439453125 41.201099395751953125 41.251800537109375
39.00009918212890625 39.00009918212890625 39.000701904296875 39.000701904296875 39.001300811767578125 39.001300811767578125 39.001300811767578125 39.00189971923828125 39.00189971923828125 39.002498626708984375 39.296199798583984375 39.700099945068359375 40.104099273681640625 40.50749969482421875 40.902698516845703125 40.913299560546875 40.923900604248046875 40.935100555419921875 40.94570159912109375 40.95690155029296875 40.967498779296875 40.97760009765625 40.987598419189453125 40.99700164794921875 41.006500244140625 41.016498565673828125 41.02590179443359375 41.035900115966796875 41.045398712158203125 41.055400848388671875 41.064800262451171875 41.074901580810546875 41.084300994873046875 41.09429931640625 41.103801727294921875 41.113201141357421875 41.123199462890625 41.132701873779296875 41.145599365234375 41.196399688720703125 41.24829864501953125
39.000701904296875 39.000701904296875 39.001300811767578125 39.001300811767578125 39.00189971923828125 39.00189971923828125 39.002498626708984375 39.002498626708984375 39.002498626708984375 39.003101348876953125 39.241901397705078125 39.64530181884765625 40.0493011474609375 40.45330047607421875 40.854900360107421875 40.913299560546875 40.923900604248046875 40.93450164794921875 40.94390106201171875 40.953998565673828125 40.96340179443359375 40.973400115966796875 40.982898712158203125 40.992900848388671875 41.002300262451171875 41.012401580810546875 41.021800994873046875 41.03179931640625 41.041301727294921875 41.051300048828125 41.060699462890625 41.070201873779296875 41.0802001953125 41.089599609375 41.09960174560546875 41.109100341796875 41.119098663330078125 41.12850189208984375 41.141498565673828125 41.19219970703125 41.244701385498046875
39.001300811767578125 39.00189971923828125 39.00189971923828125 39.00189971923828125 39.002498626708984375 39.002498626708984375 39.003101348876953125 39.003101348876953125 39.003101348876953125 39.00360107421875 39.187099456787109375 39.590999603271484375 39.994998931884765625 40.39839935302734375 40.80770111083984375 40.91210174560546875 40.9208984375 40.930400848388671875 40.939800262451171875 40.949798583984375 40.959300994873046875 40.96929931640625 40.97869873046875 40.988800048828125 40.998199462890625 41.007598876953125 41.0177001953125 41.027099609375 41.03710174560546875 41.046600341796875 41.056598663330078125 41.06600189208984375 41.076000213623046875 41.085498809814453125 41.095500946044921875 41.104900360107421875 41.115001678466796875 41.124401092529296875 41.137401580810546875 41.188701629638671875 41.241199493408203125
39.00189971923828125 39.002498626708984375 39.002498626708984375 39.003101348876953125 39.003101348876953125 39.003101348876953125 39.00360107421875 39.00360107421875 39.004199981689453125 39.004199981689453125 39.132801055908203125 39.53620147705078125 39.9402008056640625 40.3683013916015625 40.822498321533203125 40.913299560546875 40.922698974609375 40.931598663330078125 40.94100189208984375 40.95040130615234375 40.959300994873046875 40.968700408935546875 40.978099822998046875 40.98699951171875 40.99639892578125 41.005901336669921875 41.015300750732421875 41.024200439453125 41.033599853515625 41.042999267578125 41.052501678466796875 41.061901092529296875 41.0718994140625 41.081401824951171875 41.090801239013671875 41.100799560546875 41.11029815673828125 41.12030029296875 41.13330078125 41.185199737548828125 41.237598419189453125
39.003101348876953125 39.003101348876953125 39.003101348876953125 39.00360107421875 39.00360107421875 39.00360107421875 39.004199981689453125 39.004199981689453125 39.00479888916015625 39.00479888916015625 39.077999114990234375 39.481899261474609375 39.92839813232421875 40.38249969482421875 40.837200164794921875 40.914501190185546875 40.923900604248046875 40.933300018310546875 40.94219970703125 40.95159912109375 40.96099853515625 40.969898223876953125 40.97930145263671875 40.988800048828125 40.997600555419921875 41.006999969482421875 41.016498565673828125 41.02590179443359375 41.034801483154296875 41.044200897216796875 41.053600311279296875 41.0625 41.0718994140625 41.081401824951171875 41.090198516845703125 41.09960174560546875 41.109100341796875 41.117298126220703125 41.129100799560546875 41.182201385498046875 41.234699249267578125
39.00360107421875 39.00360107421875 39.00360107421875 39.004199981689453125 39.004199981689453125 39.00479888916015625 39.00479888916015625 39.00479888916015625 39.005401611328125 39.005401611328125 39.037899017333984375 39.4889984130859375 39.9430999755859375 40.3972015380859375 40.851398468017578125 40.91619873046875 40.925098419189453125 40.93450164794921875 40.94390106201171875 40.952800750732421875 40.962200164794921875 40.971698760986328125 40.980499267578125 40.989898681640625 40.999401092529296875 41.00820159912109375 41.0177001953125 41.027099609375 41.0364990234375 41.045398712158203125 41.054798126220703125 41.063701629638671875 41.0718994140625 41.0802001953125 41.08840179443359375 41.096698760986328125 41.104900360107421875 41.113201141357421875 41.125 41.178699493408203125 41.231201171875
39.004199981689453125 39.004199981689453125 39.00479888916015625 39.00479888916015625 39.00479888916015625 39.005401611328125 39.005401611328125 39.006000518798828125 39.006000518798828125 39.006000518798828125 39.09149932861328125 39.51670074462890625 39.9579010009765625 40.411998748779296875 40.866100311279296875 40.917400360107421875 40.926799774169921875 40.935699462890625 40.945098876953125 40.954601287841796875 40.96340179443359375 40.97280120849609375 40.9822998046875 40.991100311279296875 41.000598907470703125 41.0093994140625 41.0177001953125 41.02590179443359375 41.034198760986328125 41.042400360107421875 41.050701141357421875 41.05889892578125 41.06719970703125 41.07550048828125 41.083698272705078125 41.091999053955078125 41.100200653076171875 41.108501434326171875 41.120899200439453125 41.173900604248046875 41.22760009765625
39.00479888916015625 39.00479888916015625 39.005401611328125 39.005401611328125 39.006000518798828125 39.006000518798828125 39.006000518798828125 39.00659942626953125 39.00659942626953125 39.007198333740234375 39.14459991455078125 39.570400238037109375 39.995601654052734375 40.4261016845703125 40.88079833984375 40.918598175048828125 40.92800140380859375 40.9375 40.946300506591796875 40.955699920654296875 40.964000701904296875 40.972301483154296875 40.980499267578125 40.988800048828125 40.99700164794921875 41.005298614501953125 41.013500213623046875 41.021800994873046875 41.029998779296875 41.038299560546875 41.046600341796875 41.054798126220703125 41.063098907470703125 41.071300506591796875 41.079601287841796875 41.087799072265625 41.096099853515625 41.104400634765625 41.116199493408203125 41.1697998046875 41.223499298095703125
39.005401611328125 39.006000518798828125 39.006000518798828125 39.006000518798828125 39.00659942626953125 39.00659942626953125 39.007198333740234375 39.007198333740234375 39.007198333740234375 39.007801055908203125 39.198299407958984375 39.623500823974609375 40.0493011474609375 40.474498748779296875 40.89849853515625 40.918598175048828125 40.926799774169921875 40.935100555419921875 40.943401336669921875 40.95159912109375 40.95989990234375 40.96810150146484375 40.976398468017578125 40.984600067138671875 40.992900848388671875 41.0010986328125 41.0093994140625 41.0177001953125 41.02590179443359375 41.034198760986328125 41.042400360107421875 41.050701141357421875 41.05889892578125 41.06719970703125 41.07550048828125 41.083698272705078125 41.091999053955078125 41.100200653076171875 41.11199951171875 41.165699005126953125 41.21939849853515625
39.006000518798828125 39.00659942626953125 39.00659942626953125 39.00659942626953125 39.007198333740234375 39.007198333740234375 39.007801055908203125 39.007801055908203125 39.00839996337890625 39.00839996337890625 39.25189971923828125 39.67710113525390625 40.103000640869140625 40.5281982421875 40.91030120849609375 40.919200897216796875 40.926300048828125 40.933300018310546875 40.940399169921875 40.947498321533203125 40.955699920654296875 40.964000701904296875 40.972301483154296875 40.980499267578125 40.988800048828125 40.99700164794921875 41.005298614501953125 41.013500213623046875 41.021800994873046875 41.029998779296875 41.038299560546875 41.046600341796875 41.054798126220703125 41.063098907470703125 41.071300506591796875 41.079601287841796875 41.087799072265625 41.096099853515625 41.107898712158203125 41.16159820556640625 41.215198516845703125
39.00659942626953125 39.007198333740234375 39.007198333740234375 39.007801055908203125 39.007801055908203125 39.007801055908203125 39.00839996337890625 39.00839996337890625 39.008998870849609375 39.008998870849609375 39.305599212646484375 39.730800628662109375 40.15599822998046875 40.56240081787109375 40.913299560546875 40.920398712158203125 40.927398681640625 40.93450164794921875 40.941600799560546875 40.948699951171875 40.955699920654296875 40.962799072265625 40.96929931640625 40.976398468017578125 40.984600067138671875 40.992900848388671875 41.0010986328125 41.0093994140625 41.0177001953125 41.02590179443359375 41.034198760986328125 41.042400360107421875 41.050701141357421875 41.05889892578125 41.06719970703125 41.07550048828125 41.083698272705078125 41.091999053955078125 41.103801727294921875 41.157398223876953125 41.2135009765625
39.007801055908203125 39.007801055908203125 39.007801055908203125 39.00839996337890625 39.00839996337890625 39.008998870849609375 39.008998870849609375 39.00949859619140625 39.00949859619140625 39.00949859619140625 39.3592987060546875 39.7845001220703125 40.2097015380859375 40.574199676513671875 40.91500091552734375 40.92150115966796875 40.928600311279296875 40.935699462890625 40.942798614501953125 40.949798583984375 40.95690155029296875 40.964000701904296875 40.971099853515625 40.978099822998046875 40.984600067138671875 40.99169921875 40.998798370361328125 41.005901336669921875 41.01290130615234375 41.021198272705078125 41.029499053955078125 41.037700653076171875 41.046001434326171875 41.05419921875 41.0625 41.071300506591796875 41.079601287841796875 41.087799072265625 41.09960174560546875 41.152698516845703125 41.211700439453125
39.00839996337890625 39.00839996337890625 39.008998870849609375 39.008998870849609375 39.008998870849609375 39.00949859619140625 39.00949859619140625 39.010101318359375 39.010101318359375 39.010700225830078125 39.412899017333984375 39.838199615478515625 40.2256011962890625 40.58599853515625 40.91619873046875 40.92330169677734375 40.930400848388671875 40.936901092529296875 40.94390106201171875 40.951000213623046875 40.958099365234375 40.965198516845703125 40.972301483154296875 40.97930145263671875 40.986400604248046875 40.993499755859375 41 41.006999969482421875 41.01409912109375 41.021198272705078125 41.028301239013671875 41.035400390625 41.042400360107421875 41.050098419189453125 41.058399200439453125 41.066600799560546875 41.074901580810546875 41.083099365234375 41.094898223876953125 41.15090179443359375 41.210498809814453125
39.008998870849609375 39.008998870849609375 39.00949859619140625 39.00949859619140625 39.010101318359375 39.010101318359375 39.010101318359375 39.010700225830078125 39.010700225830078125 39.040798187255859375 39.465999603271484375 39.8777008056640625 40.237400054931640625 40.597198486328125 40.917400360107421875 40.92449951171875 40.931598663330078125 40.9385986328125 40.94570159912109375 40.95220184326171875 40.959300994873046875 40.966400146484375 40.973400115966796875 40.980499267578125 40.987598419189453125 40.994701385498046875 41.00170135498046875 41.00820159912109375 41.015300750732421875 41.02239990234375 41.029499053955078125 41.0364990234375 41.043598175048828125 41.050701141357421875 41.05780029296875 41.064800262451171875 41.071300506591796875 41.078998565673828125 41.090801239013671875 41.149799346923828125 41.208698272705078125
39.00949859619140625 39.00949859619140625 39.010101318359375 39.010101318359375 39.010700225830078125 39.010700225830078125 39.01129913330078125 39.01129913330078125 39.01190185546875 39.094501495361328125 39.5196990966796875 39.889499664306640625 40.24919891357421875 40.60900115966796875 40.918598175048828125 40.925098419189453125 40.932098388671875 40.9385986328125 40.94570159912109375 40.952800750732421875 40.959300994873046875 40.966400146484375 40.97280120849609375 40.979900360107421875 40.98699951171875 40.993499755859375 41.000598907470703125 41.007598876953125 41.01409912109375 41.021198272705078125 41.027698516845703125 41.034801483154296875 41.04180145263671875 41.04830169677734375 41.055400848388671875 41.061901092529296875 41.069000244140625 41.076000213623046875 41.085498809814453125 41.147998809814453125 41.207000732421875
